,id,sentenceId2,x,y
0,014,03,0,3
1,014,03,7,1
2,014,03,13,0
3,014,03,17,2
4,014,03,21,1
5,014,03,26,2
6,014,03,30,5
7,014,03,25,9
8,014,03,20,10
9,014,03,16,10
10,014,03,11,10
11,014,03,6,8
12,014,03,3,3
13,014,03,12,4
14,014,03,16,5
15,014,03,21,4
16,014,03,28,5
17,014,03,21,4
18,014,03,16,5
19,014,03,12,4
20,015,03,0,2
21,015,03,7,1
22,015,03,13,0
23,015,03,17,1
24,015,03,21,0
25,015,03,25,2
26,015,03,30,5
27,015,03,25,8
28,015,03,20,9
29,015,03,16,9
30,015,03,12,9
31,015,03,6,7
32,015,03,3,3
33,015,03,13,3
34,015,03,17,4
35,015,03,21,3
36,015,03,28,5
37,015,03,20,3
38,015,03,16,4
39,015,03,12,3
40,001,03,0,3
41,001,03,7,1
42,001,03,12,0
43,001,03,16,2
44,001,03,20,1
45,001,03,24,3
46,001,03,29,6
47,001,03,23,9
48,001,03,19,9
49,001,03,14,9
50,001,03,11,9
51,001,03,5,7
52,001,03,2,3
53,001,03,12,4
54,001,03,15,5
55,001,03,20,4
56,001,03,27,6
57,001,03,19,4
58,001,03,15,4
59,001,03,11,3
60,003,03,0,5
61,003,03,5,2
62,003,03,11,0
63,003,03,15,2
64,003,03,19,1
65,003,03,24,3
66,003,03,27,8
67,003,03,23,13
68,003,03,18,15
69,003,03,14,16
70,003,03,9,15
71,003,03,4,12
72,003,03,2,5
73,003,03,10,5
74,003,03,15,5
75,003,03,19,5
76,003,03,25,7
77,003,03,19,9
78,003,03,14,9
79,003,03,10,8
80,002,03,0,4
81,002,03,7,1
82,002,03,13,0
83,002,03,17,1
84,002,03,21,0
85,002,03,25,3
86,002,03,29,6
87,002,03,24,10
88,002,03,19,12
89,002,03,15,12
90,002,03,11,11
91,002,03,6,9
92,002,03,3,4
93,002,03,12,4
94,002,03,16,5
95,002,03,20,4
96,002,03,27,6
97,002,03,20,6
98,002,03,16,6
99,002,03,12,5
100,012,03,0,5
101,012,03,6,2
102,012,03,12,0
103,012,03,16,1
104,012,03,20,0
105,012,03,25,3
106,012,03,28,7
107,012,03,24,12
108,012,03,19,14
109,012,03,15,14
110,012,03,10,14
111,012,03,5,11
112,012,03,3,5
113,012,03,12,4
114,012,03,16,4
115,012,03,20,4
116,012,03,26,7
117,012,03,20,8
118,012,03,15,8
119,012,03,11,7
120,006,03,0,4
121,006,03,6,2
122,006,03,12,0
123,006,03,16,2
124,006,03,20,1
125,006,03,25,3
126,006,03,29,7
127,006,03,24,11
128,006,03,19,13
129,006,03,15,13
130,006,03,11,13
131,006,03,5,10
132,006,03,3,5
133,006,03,12,4
134,006,03,16,5
135,006,03,20,5
136,006,03,26,6
137,006,03,20,7
138,006,03,15,7
139,006,03,11,7
140,007,03,0,4
141,007,03,6,2
142,007,03,12,0
143,007,03,16,2
144,007,03,20,1
145,007,03,25,3
146,007,03,30,6
147,007,03,25,11
148,007,03,19,13
149,007,03,15,13
150,007,03,11,12
151,007,03,5,10
152,007,03,3,5
153,007,03,12,4
154,007,03,16,5
155,007,03,20,5
156,007,03,27,6
157,007,03,20,6
158,007,03,16,7
159,007,03,11,6
160,013,03,0,5
161,013,03,6,2
162,013,03,12,0
163,013,03,16,2
164,013,03,20,1
165,013,03,24,3
166,013,03,28,7
167,013,03,24,13
168,013,03,19,15
169,013,03,15,15
170,013,03,10,15
171,013,03,5,12
172,013,03,3,6
173,013,03,11,4
174,013,03,15,5
175,013,03,20,5
176,013,03,25,7
177,013,03,20,8
178,013,03,15,9
179,013,03,11,8
180,005,03,0,4
181,005,03,6,1
182,005,03,12,0
183,005,03,16,1
184,005,03,20,0
185,005,03,24,2
186,005,03,28,6
187,005,03,24,11
188,005,03,19,13
189,005,03,14,13
190,005,03,10,12
191,005,03,5,10
192,005,03,3,4
193,005,03,11,4
194,005,03,15,4
195,005,03,19,4
196,005,03,26,6
197,005,03,19,6
198,005,03,15,7
199,005,03,11,6
200,011,03,0,6
201,011,03,5,2
202,011,03,10,0
203,011,03,14,2
204,011,03,19,1
205,011,03,23,4
206,011,03,27,9
207,011,03,23,14
208,011,03,18,17
209,011,03,13,17
210,011,03,8,16
211,011,03,3,13
212,011,03,2,6
213,011,03,10,4
214,011,03,14,5
215,011,03,18,5
216,011,03,24,8
217,011,03,18,10
218,011,03,14,10
219,011,03,9,9
220,010,03,0,4
221,010,03,6,1
222,010,03,12,0
223,010,03,15,1
224,010,03,20,0
225,010,03,24,2
226,010,03,28,5
227,010,03,23,9
228,010,03,19,10
229,010,03,14,11
230,010,03,10,10
231,010,03,5,8
232,010,03,3,4
233,010,03,11,3
234,010,03,15,4
235,010,03,19,3
236,010,03,26,5
237,010,03,19,5
238,010,03,15,5
239,010,03,11,4
240,004,03,0,5
241,004,03,6,2
242,004,03,12,0
243,004,03,16,1
244,004,03,20,0
245,004,03,25,3
246,004,03,28,7
247,004,03,24,12
248,004,03,19,14
249,004,03,15,15
250,004,03,10,14
251,004,03,5,11
252,004,03,3,5
253,004,03,12,4
254,004,03,16,5
255,004,03,19,4
256,004,03,26,6
257,004,03,19,7
258,004,03,15,8
259,004,03,11,7
260,009,03,0,5
261,009,03,6,1
262,009,03,12,0
263,009,03,16,1
264,009,03,20,0
265,009,03,25,3
266,009,03,28,7
267,009,03,24,13
268,009,03,19,15
269,009,03,14,15
270,009,03,10,15
271,009,03,4,11
272,009,03,3,5
273,009,03,11,4
274,009,03,15,4
275,009,03,19,4
276,009,03,26,7
277,009,03,19,9
278,009,03,15,9
279,009,03,11,8
280,008,03,0,4
281,008,03,7,2
282,008,03,12,0
283,008,03,16,2
284,008,03,20,1
285,008,03,25,3
286,008,03,29,6
287,008,03,24,10
288,008,03,19,11
289,008,03,15,12
290,008,03,11,11
291,008,03,6,9
292,008,03,2,4
293,008,03,12,4
294,008,03,16,5
295,008,03,20,5
296,008,03,27,6
297,008,03,20,5
298,008,03,16,5
299,008,03,12,5
300,001,04,0,4
301,001,04,7,1
302,001,04,13,0
303,001,04,17,2
304,001,04,21,1
305,001,04,25,3
306,001,04,29,6
307,001,04,24,10
308,001,04,20,11
309,001,04,15,11
310,001,04,11,11
311,001,04,6,8
312,001,04,3,4
313,001,04,12,4
314,001,04,16,5
315,001,04,21,4
316,001,04,27,6
317,001,04,20,5
318,001,04,16,6
319,001,04,12,5
320,003,04,0,5
321,003,04,6,2
322,003,04,11,0
323,003,04,15,1
324,003,04,19,1
325,003,04,24,3
326,003,04,27,7
327,003,04,23,13
328,003,04,19,15
329,003,04,14,15
330,003,04,10,14
331,003,04,5,12
332,003,04,3,5
333,003,04,11,4
334,003,04,15,5
335,003,04,19,4
336,003,04,25,7
337,003,04,19,8
338,003,04,15,9
339,003,04,11,8
340,002,04,0,5
341,002,04,5,2
342,002,04,11,0
343,002,04,15,1
344,002,04,19,1
345,002,04,24,3
346,002,04,27,8
347,002,04,23,14
348,002,04,18,16
349,002,04,13,16
350,002,04,9,16
351,002,04,4,13
352,002,04,2,6
353,002,04,10,4
354,002,04,14,5
355,002,04,19,4
356,002,04,24,7
357,002,04,19,10
358,002,04,14,10
359,002,04,10,9
360,012,04,0,5
361,012,04,6,2
362,012,04,11,0
363,012,04,15,2
364,012,04,19,1
365,012,04,24,3
366,012,04,28,7
367,012,04,23,12
368,012,04,18,14
369,012,04,14,14
370,012,04,10,14
371,012,04,4,11
372,012,04,3,5
373,012,04,11,4
374,012,04,15,5
375,012,04,19,5
376,012,04,25,7
377,012,04,19,7
378,012,04,15,8
379,012,04,11,7
380,006,04,0,6
381,006,04,5,2
382,006,04,11,0
383,006,04,15,2
384,006,04,18,1
385,006,04,23,3
386,006,04,27,8
387,006,04,22,13
388,006,04,17,15
389,006,04,13,16
390,006,04,9,15
391,006,04,4,12
392,006,04,3,6
393,006,04,11,5
394,006,04,14,6
395,006,04,18,5
396,006,04,24,7
397,006,04,18,8
398,006,04,14,9
399,006,04,10,8
400,007,04,0,4
401,007,04,6,2
402,007,04,12,0
403,007,04,16,2
404,007,04,20,1
405,007,04,25,3
406,007,04,29,6
407,007,04,24,11
408,007,04,19,13
409,007,04,15,13
410,007,04,10,12
411,007,04,5,10
412,007,04,2,5
413,007,04,11,5
414,007,04,16,6
415,007,04,20,5
416,007,04,27,6
417,007,04,19,6
418,007,04,15,7
419,007,04,11,6
420,013,04,0,3
421,013,04,6,1
422,013,04,12,0
423,013,04,16,1
424,013,04,20,0
425,013,04,24,2
426,013,04,29,4
427,013,04,24,7
428,013,04,19,8
429,013,04,15,9
430,013,04,11,8
431,013,04,5,7
432,013,04,2,3
433,013,04,12,3
434,013,04,16,4
435,013,04,20,3
436,013,04,27,4
437,013,04,19,3
438,013,04,15,4
439,013,04,12,3
440,005,04,0,6
441,005,04,6,3
442,005,04,12,0
443,005,04,16,1
444,005,04,20,1
445,005,04,25,3
446,005,04,29,8
447,005,04,24,13
448,005,04,19,15
449,005,04,14,15
450,005,04,10,14
451,005,04,5,12
452,005,04,2,6
453,005,04,11,4
454,005,04,15,5
455,005,04,19,5
456,005,04,26,7
457,005,04,19,8
458,005,04,15,8
459,005,04,11,7
460,011,04,0,6
461,011,04,6,2
462,011,04,12,0
463,011,04,17,1
464,011,04,21,0
465,011,04,26,3
466,011,04,30,7
467,011,04,25,13
468,011,04,20,15
469,011,04,15,15
470,011,04,11,15
471,011,04,5,12
472,011,04,3,6
473,011,04,12,4
474,011,04,16,5
475,011,04,20,4
476,011,04,27,7
477,011,04,20,8
478,011,04,16,9
479,011,04,12,8
480,010,04,0,6
481,010,04,5,2
482,010,04,11,0
483,010,04,15,1
484,010,04,19,1
485,010,04,24,3
486,010,04,27,8
487,010,04,23,14
488,010,04,18,16
489,010,04,13,17
490,010,04,9,16
491,010,04,3,13
492,010,04,3,6
493,010,04,10,4
494,010,04,14,4
495,010,04,19,4
496,010,04,24,8
497,010,04,18,10
498,010,04,14,10
499,010,04,9,9
500,004,04,0,4
501,004,04,6,1
502,004,04,12,0
503,004,04,15,1
504,004,04,19,0
505,004,04,24,3
506,004,04,28,6
507,004,04,23,11
508,004,04,18,12
509,004,04,14,12
510,004,04,10,12
511,004,04,5,10
512,004,04,2,4
513,004,04,11,4
514,004,04,15,4
515,004,04,19,4
516,004,04,25,6
517,004,04,19,6
518,004,04,14,6
519,004,04,11,6
520,009,04,0,6
521,009,04,5,2
522,009,04,11,0
523,009,04,15,1
524,009,04,20,1
525,009,04,24,3
526,009,04,27,8
527,009,04,23,14
528,009,04,19,16
529,009,04,14,16
530,009,04,9,15
531,009,04,4,12
532,009,04,3,6
533,009,04,11,4
534,009,04,15,5
535,009,04,19,5
536,009,04,25,8
537,009,04,19,9
538,009,04,15,9
539,009,04,10,8
540,008,04,0,4
541,008,04,6,2
542,008,04,12,0
543,008,04,15,2
544,008,04,19,1
545,008,04,24,3
546,008,04,28,6
547,008,04,23,10
548,008,04,18,11
549,008,04,14,11
550,008,04,10,11
551,008,04,5,9
552,008,04,2,4
553,008,04,11,4
554,008,04,15,5
555,008,04,19,4
556,008,04,26,6
557,008,04,19,5
558,008,04,15,6
559,008,04,11,5
560,014,05,0,5
561,014,05,6,2
562,014,05,12,0
563,014,05,16,1
564,014,05,20,1
565,014,05,25,3
566,014,05,29,7
567,014,05,24,12
568,014,05,19,14
569,014,05,14,14
570,014,05,10,14
571,014,05,5,11
572,014,05,3,5
573,014,05,11,4
574,014,05,15,5
575,014,05,20,5
576,014,05,26,6
577,014,05,19,7
578,014,05,15,8
579,014,05,11,7
580,015,05,0,4
581,015,05,6,2
582,015,05,12,0
583,015,05,16,2
584,015,05,20,1
585,015,05,24,3
586,015,05,29,5
587,015,05,23,8
588,015,05,19,10
589,015,05,15,10
590,015,05,11,10
591,015,05,5,8
592,015,05,2,4
593,015,05,11,4
594,015,05,15,5
595,015,05,19,4
596,015,05,26,5
597,015,05,19,4
598,015,05,15,5
599,015,05,11,4
600,001,05,0,4
601,001,05,7,2
602,001,05,12,0
603,001,05,16,1
604,001,05,20,1
605,001,05,24,2
606,001,05,29,5
607,001,05,24,9
608,001,05,19,11
609,001,05,15,11
610,001,05,11,11
611,001,05,6,9
612,001,05,3,4
613,001,05,12,4
614,001,05,16,4
615,001,05,20,4
616,001,05,27,5
617,001,05,19,5
618,001,05,15,5
619,001,05,12,5
620,003,05,0,6
621,003,05,6,2
622,003,05,11,0
623,003,05,15,2
624,003,05,19,1
625,003,05,23,3
626,003,05,27,7
627,003,05,23,13
628,003,05,18,15
629,003,05,14,16
630,003,05,10,15
631,003,05,4,12
632,003,05,3,6
633,003,05,11,5
634,003,05,15,5
635,003,05,19,5
636,003,05,24,7
637,003,05,19,8
638,003,05,14,9
639,003,05,10,8
640,002,05,0,5
641,002,05,5,2
642,002,05,11,0
643,002,05,15,1
644,002,05,19,1
645,002,05,24,3
646,002,05,27,8
647,002,05,23,13
648,002,05,19,16
649,002,05,14,16
650,002,05,9,15
651,002,05,4,12
652,002,05,3,6
653,002,05,11,4
654,002,05,15,5
655,002,05,19,4
656,002,05,25,7
657,002,05,19,9
658,002,05,14,10
659,002,05,10,9
660,012,05,0,6
661,012,05,6,1
662,012,05,11,0
663,012,05,15,1
664,012,05,20,0
665,012,05,24,3
666,012,05,27,8
667,012,05,23,14
668,012,05,18,16
669,012,05,14,17
670,012,05,9,16
671,012,05,4,13
672,012,05,3,6
673,012,05,11,3
674,012,05,15,4
675,012,05,19,4
676,012,05,25,8
677,012,05,19,10
678,012,05,14,10
679,012,05,10,9
680,006,05,0,4
681,006,05,6,2
682,006,05,12,0
683,006,05,16,2
684,006,05,20,1
685,006,05,24,3
686,006,05,29,6
687,006,05,24,10
688,006,05,19,12
689,006,05,14,12
690,006,05,10,12
691,006,05,5,10
692,006,05,3,5
693,006,05,11,4
694,006,05,15,5
695,006,05,20,4
696,006,05,26,6
697,006,05,19,6
698,006,05,15,7
699,006,05,11,6
700,007,05,0,5
701,007,05,6,2
702,007,05,11,0
703,007,05,15,1
704,007,05,19,0
705,007,05,24,3
706,007,05,27,7
707,007,05,23,11
708,007,05,18,13
709,007,05,14,13
710,007,05,10,12
711,007,05,5,10
712,007,05,3,5
713,007,05,11,4
714,007,05,15,4
715,007,05,19,4
716,007,05,25,6
717,007,05,19,7
718,007,05,14,7
719,007,05,10,6
720,013,05,0,7
721,013,05,5,2
722,013,05,11,0
723,013,05,15,2
724,013,05,19,1
725,013,05,24,3
726,013,05,27,8
727,013,05,23,13
728,013,05,19,15
729,013,05,14,16
730,013,05,9,15
731,013,05,4,13
732,013,05,3,7
733,013,05,10,5
734,013,05,15,5
735,013,05,19,5
736,013,05,25,7
737,013,05,19,8
738,013,05,14,9
739,013,05,10,8
740,005,05,0,5
741,005,05,6,2
742,005,05,11,0
743,005,05,15,1
744,005,05,19,0
745,005,05,24,3
746,005,05,28,7
747,005,05,23,12
748,005,05,19,14
749,005,05,14,14
750,005,05,10,13
751,005,05,4,11
752,005,05,3,5
753,005,05,11,4
754,005,05,15,5
755,005,05,19,4
756,005,05,25,6
757,005,05,19,7
758,005,05,15,8
759,005,05,11,7
760,011,05,0,5
761,011,05,5,1
762,011,05,10,0
763,011,05,15,1
764,011,05,19,0
765,011,05,23,3
766,011,05,27,8
767,011,05,23,14
768,011,05,18,16
769,011,05,13,17
770,011,05,9,16
771,011,05,3,12
772,011,05,2,6
773,011,05,10,4
774,011,05,14,4
775,011,05,18,4
776,011,05,24,7
777,011,05,18,9
778,011,05,14,10
779,011,05,9,9
780,010,05,0,5
781,010,05,6,2
782,010,05,11,0
783,010,05,15,2
784,010,05,20,1
785,010,05,24,3
786,010,05,28,7
787,010,05,24,10
788,010,05,19,12
789,010,05,14,12
790,010,05,10,12
791,010,05,5,9
792,010,05,3,5
793,010,05,11,4
794,010,05,15,5
795,010,05,19,4
796,010,05,26,6
797,010,05,19,6
798,010,05,15,7
799,010,05,11,6
800,004,05,0,5
801,004,05,6,2
802,004,05,11,0
803,004,05,15,1
804,004,05,19,0
805,004,05,24,2
806,004,05,27,7
807,004,05,23,12
808,004,05,18,14
809,004,05,14,15
810,004,05,9,14
811,004,05,4,12
812,004,05,3,5
813,004,05,11,4
814,004,05,15,5
815,004,05,19,4
816,004,05,24,7
817,004,05,19,7
818,004,05,14,8
819,004,05,10,7
820,009,05,0,6
821,009,05,5,2
822,009,05,11,0
823,009,05,15,2
824,009,05,19,1
825,009,05,24,3
826,009,05,28,8
827,009,05,23,14
828,009,05,18,16
829,009,05,13,16
830,009,05,9,15
831,009,05,4,12
832,009,05,3,6
833,009,05,10,4
834,009,05,15,5
835,009,05,19,5
836,009,05,25,8
837,009,05,19,9
838,009,05,14,9
839,009,05,10,9
840,008,05,0,4
841,008,05,7,1
842,008,05,13,0
843,008,05,16,1
844,008,05,20,1
845,008,05,25,3
846,008,05,29,6
847,008,05,24,9
848,008,05,19,10
849,008,05,15,10
850,008,05,11,10
851,008,05,6,8
852,008,05,3,4
853,008,05,12,4
854,008,05,16,5
855,008,05,20,4
856,008,05,27,6
857,008,05,19,4
858,008,05,15,5
859,008,05,12,4
860,014,02,0,3
861,014,02,6,1
862,014,02,12,0
863,014,02,16,1
864,014,02,20,0
865,014,02,24,2
866,014,02,29,4
867,014,02,24,9
868,014,02,19,10
869,014,02,15,11
870,014,02,11,10
871,014,02,5,8
872,014,02,2,3
873,014,02,12,3
874,014,02,15,4
875,014,02,20,4
876,014,02,27,4
877,014,02,20,4
878,014,02,15,5
879,014,02,11,4
880,015,02,0,2
881,015,02,7,0
882,015,02,13,0
883,015,02,16,1
884,015,02,20,0
885,015,02,25,2
886,015,02,30,4
887,015,02,24,7
888,015,02,19,8
889,015,02,15,8
890,015,02,11,8
891,015,02,6,6
892,015,02,2,2
893,015,02,12,3
894,015,02,16,4
895,015,02,20,3
896,015,02,27,4
897,015,02,19,3
898,015,02,16,3
899,015,02,12,3
900,001,02,0,4
901,001,02,7,1
902,001,02,12,0
903,001,02,16,1
904,001,02,20,0
905,001,02,24,2
906,001,02,29,5
907,001,02,24,7
908,001,02,19,8
909,001,02,16,9
910,001,02,11,8
911,001,02,6,7
912,001,02,3,4
913,001,02,12,3
914,001,02,16,4
915,001,02,20,3
916,001,02,27,4
917,001,02,20,3
918,001,02,16,4
919,001,02,12,3
920,003,02,0,5
921,003,02,5,2
922,003,02,11,0
923,003,02,15,1
924,003,02,19,0
925,003,02,23,2
926,003,02,27,7
927,003,02,23,13
928,003,02,18,15
929,003,02,13,15
930,003,02,9,15
931,003,02,4,12
932,003,02,2,5
933,003,02,11,4
934,003,02,14,4
935,003,02,18,4
936,003,02,24,7
937,003,02,18,8
938,003,02,14,9
939,003,02,10,8
940,002,02,0,4
941,002,02,6,1
942,002,02,12,0
943,002,02,16,1
944,002,02,20,0
945,002,02,24,2
946,002,02,28,6
947,002,02,23,10
948,002,02,19,12
949,002,02,15,12
950,002,02,10,12
951,002,02,5,9
952,002,02,2,4
953,002,02,11,4
954,002,02,15,5
955,002,02,20,4
956,002,02,26,5
957,002,02,19,6
958,002,02,15,6
959,002,02,11,6
960,012,02,0,6
961,012,02,6,2
962,012,02,12,0
963,012,02,16,1
964,012,02,20,0
965,012,02,25,3
966,012,02,28,8
967,012,02,24,13
968,012,02,19,15
969,012,02,14,15
970,012,02,10,15
971,012,02,5,12
972,012,02,3,6
973,012,02,11,3
974,012,02,16,4
975,012,02,19,4
976,012,02,25,7
977,012,02,19,8
978,012,02,15,9
979,012,02,11,8
980,006,02,0,7
981,006,02,6,3
982,006,02,12,0
983,006,02,16,2
984,006,02,20,1
985,006,02,25,3
986,006,02,28,8
987,006,02,24,13
988,006,02,19,15
989,006,02,15,16
990,006,02,11,16
991,006,02,5,13
992,006,02,3,7
993,006,02,12,5
994,006,02,16,5
995,006,02,20,5
996,006,02,26,7
997,006,02,20,8
998,006,02,16,9
999,006,02,11,8
1000,007,02,0,4
1001,007,02,6,1
1002,007,02,12,0
1003,007,02,16,1
1004,007,02,19,0
1005,007,02,24,2
1006,007,02,28,5
1007,007,02,23,9
1008,007,02,19,11
1009,007,02,15,12
1010,007,02,11,11
1011,007,02,6,9
1012,007,02,3,4
1013,007,02,12,4
1014,007,02,15,5
1015,007,02,19,4
1016,007,02,26,5
1017,007,02,19,5
1018,007,02,15,6
1019,007,02,12,5
1020,013,02,0,5
1021,013,02,5,2
1022,013,02,11,0
1023,013,02,15,1
1024,013,02,20,1
1025,013,02,24,3
1026,013,02,28,7
1027,013,02,23,12
1028,013,02,19,15
1029,013,02,14,15
1030,013,02,9,14
1031,013,02,4,12
1032,013,02,2,5
1033,013,02,11,4
1034,013,02,15,4
1035,013,02,19,4
1036,013,02,25,7
1037,013,02,19,8
1038,013,02,15,9
1039,013,02,10,8
1040,005,02,0,5
1041,005,02,5,2
1042,005,02,11,0
1043,005,02,15,1
1044,005,02,18,0
1045,005,02,23,3
1046,005,02,27,6
1047,005,02,22,10
1048,005,02,18,12
1049,005,02,14,12
1050,005,02,10,12
1051,005,02,5,10
1052,005,02,3,5
1053,005,02,11,4
1054,005,02,14,4
1055,005,02,18,4
1056,005,02,25,5
1057,005,02,18,5
1058,005,02,14,6
1059,005,02,10,5
1060,011,02,0,6
1061,011,02,5,2
1062,011,02,11,0
1063,011,02,15,1
1064,011,02,19,0
1065,011,02,24,3
1066,011,02,27,8
1067,011,02,23,14
1068,011,02,18,17
1069,011,02,13,17
1070,011,02,9,16
1071,011,02,4,13
1072,011,02,3,6
1073,011,02,11,4
1074,011,02,15,4
1075,011,02,19,4
1076,011,02,24,8
1077,011,02,19,10
1078,011,02,14,10
1079,011,02,10,9
1080,010,02,0,5
1081,010,02,5,1
1082,010,02,11,0
1083,010,02,15,1
1084,010,02,19,0
1085,010,02,24,3
1086,010,02,27,7
1087,010,02,23,13
1088,010,02,18,15
1089,010,02,14,15
1090,010,02,9,14
1091,010,02,4,12
1092,010,02,3,5
1093,010,02,10,4
1094,010,02,15,4
1095,010,02,19,4
1096,010,02,25,7
1097,010,02,19,8
1098,010,02,14,8
1099,010,02,10,8
1100,004,02,0,5
1101,004,02,6,2
1102,004,02,12,0
1103,004,02,16,2
1104,004,02,20,1
1105,004,02,24,3
1106,004,02,28,7
1107,004,02,24,11
1108,004,02,19,13
1109,004,02,15,13
1110,004,02,11,13
1111,004,02,5,11
1112,004,02,3,5
1113,004,02,12,4
1114,004,02,15,5
1115,004,02,19,5
1116,004,02,25,6
1117,004,02,19,7
1118,004,02,15,7
1119,004,02,11,7
1120,009,02,0,4
1121,009,02,6,2
1122,009,02,12,0
1123,009,02,16,2
1124,009,02,20,1
1125,009,02,25,2
1126,009,02,29,5
1127,009,02,24,9
1128,009,02,20,11
1129,009,02,15,11
1130,009,02,11,10
1131,009,02,6,9
1132,009,02,3,4
1133,009,02,11,4
1134,009,02,16,4
1135,009,02,20,4
1136,009,02,27,5
1137,009,02,20,5
1138,009,02,15,5
1139,009,02,11,5
1140,008,02,0,5
1141,008,02,6,2
1142,008,02,12,0
1143,008,02,16,1
1144,008,02,20,0
1145,008,02,25,2
1146,008,02,29,6
1147,008,02,25,10
1148,008,02,20,13
1149,008,02,15,13
1150,008,02,11,13
1151,008,02,5,10
1152,008,02,3,5
1153,008,02,12,5
1154,008,02,16,5
1155,008,02,20,5
1156,008,02,27,6
1157,008,02,20,6
1158,008,02,16,7
1159,008,02,11,6
1160,001,10,0,5
1161,001,10,6,2
1162,001,10,12,0
1163,001,10,16,1
1164,001,10,20,0
1165,001,10,25,1
1166,001,10,29,4
1167,001,10,24,8
1168,001,10,20,10
1169,001,10,16,10
1170,001,10,11,10
1171,001,10,6,9
1172,001,10,2,5
1173,001,10,12,4
1174,001,10,16,4
1175,001,10,20,3
1176,001,10,27,4
1177,001,10,20,4
1178,001,10,16,5
1179,001,10,12,4
1180,003,10,0,4
1181,003,10,6,2
1182,003,10,11,0
1183,003,10,15,1
1184,003,10,19,0
1185,003,10,24,2
1186,003,10,28,5
1187,003,10,24,10
1188,003,10,19,13
1189,003,10,15,14
1190,003,10,10,13
1191,003,10,5,11
1192,003,10,2,5
1193,003,10,11,4
1194,003,10,15,4
1195,003,10,19,4
1196,003,10,26,5
1197,003,10,19,7
1198,003,10,15,8
1199,003,10,11,7
1200,002,10,0,6
1201,002,10,6,2
1202,002,10,12,0
1203,002,10,16,1
1204,002,10,20,0
1205,002,10,25,2
1206,002,10,29,6
1207,002,10,25,12
1208,002,10,20,15
1209,002,10,16,16
1210,002,10,11,16
1211,002,10,5,13
1212,002,10,3,6
1213,002,10,12,4
1214,002,10,16,5
1215,002,10,20,4
1216,002,10,26,6
1217,002,10,20,9
1218,002,10,16,10
1219,002,10,12,9
1220,012,10,0,3
1221,012,10,7,1
1222,012,10,12,0
1223,012,10,16,1
1224,012,10,20,0
1225,012,10,25,1
1226,012,10,31,3
1227,012,10,25,7
1228,012,10,20,8
1229,012,10,15,9
1230,012,10,11,8
1231,012,10,6,7
1232,012,10,3,3
1233,012,10,12,3
1234,012,10,16,4
1235,012,10,20,3
1236,012,10,28,4
1237,012,10,20,3
1238,012,10,16,4
1239,012,10,12,3
1240,006,10,0,4
1241,006,10,6,2
1242,006,10,12,0
1243,006,10,16,1
1244,006,10,20,0
1245,006,10,25,2
1246,006,10,29,4
1247,006,10,25,10
1248,006,10,20,12
1249,006,10,15,13
1250,006,10,11,12
1251,006,10,6,10
1252,006,10,3,4
1253,006,10,12,4
1254,006,10,16,5
1255,006,10,20,4
1256,006,10,27,5
1257,006,10,20,6
1258,006,10,16,6
1259,006,10,12,6
1260,007,10,0,5
1261,007,10,5,2
1262,007,10,11,0
1263,007,10,15,1
1264,007,10,19,0
1265,007,10,24,2
1266,007,10,28,6
1267,007,10,23,11
1268,007,10,19,14
1269,007,10,14,14
1270,007,10,9,14
1271,007,10,4,11
1272,007,10,2,5
1273,007,10,10,4
1274,007,10,15,4
1275,007,10,19,4
1276,007,10,25,6
1277,007,10,19,7
1278,007,10,14,8
1279,007,10,10,7
1280,005,10,0,4
1281,005,10,6,2
1282,005,10,12,0
1283,005,10,16,1
1284,005,10,20,0
1285,005,10,24,2
1286,005,10,28,4
1287,005,10,24,9
1288,005,10,19,11
1289,005,10,15,11
1290,005,10,11,11
1291,005,10,5,9
1292,005,10,2,4
1293,005,10,12,4
1294,005,10,16,5
1295,005,10,20,4
1296,005,10,26,4
1297,005,10,19,5
1298,005,10,15,6
1299,005,10,12,5
1300,011,10,0,3
1301,011,10,6,1
1302,011,10,12,0
1303,011,10,16,1
1304,011,10,20,0
1305,011,10,25,2
1306,011,10,29,4
1307,011,10,24,8
1308,011,10,19,10
1309,011,10,15,11
1310,011,10,10,10
1311,011,10,5,8
1312,011,10,2,3
1313,011,10,11,3
1314,011,10,15,4
1315,011,10,20,4
1316,011,10,27,4
1317,011,10,19,4
1318,011,10,15,5
1319,011,10,11,4
1320,010,10,0,5
1321,010,10,6,2
1322,010,10,11,0
1323,010,10,15,1
1324,010,10,19,0
1325,010,10,24,2
1326,010,10,28,6
1327,010,10,24,12
1328,010,10,19,14
1329,010,10,15,15
1330,010,10,10,14
1331,010,10,5,11
1332,010,10,3,5
1333,010,10,11,3
1334,010,10,15,4
1335,010,10,19,3
1336,010,10,25,6
1337,010,10,19,8
1338,010,10,15,8
1339,010,10,11,8
1340,004,10,0,5
1341,004,10,7,2
1342,004,10,12,1
1343,004,10,16,2
1344,004,10,20,0
1345,004,10,25,2
1346,004,10,29,5
1347,004,10,25,10
1348,004,10,20,12
1349,004,10,16,13
1350,004,10,12,13
1351,004,10,6,11
1352,004,10,3,5
1353,004,10,12,4
1354,004,10,16,5
1355,004,10,20,4
1356,004,10,26,5
1357,004,10,20,6
1358,004,10,16,7
1359,004,10,12,6
1360,009,10,0,5
1361,009,10,6,2
1362,009,10,12,0
1363,009,10,16,1
1364,009,10,20,0
1365,009,10,25,2
1366,009,10,29,6
1367,009,10,25,12
1368,009,10,20,15
1369,009,10,15,15
1370,009,10,11,15
1371,009,10,5,12
1372,009,10,3,5
1373,009,10,12,4
1374,009,10,16,4
1375,009,10,20,4
1376,009,10,27,6
1377,009,10,20,8
1378,009,10,16,9
1379,009,10,11,8
1380,008,10,0,6
1381,008,10,5,2
1382,008,10,11,0
1383,008,10,15,1
1384,008,10,19,0
1385,008,10,24,2
1386,008,10,27,7
1387,008,10,24,14
1388,008,10,19,17
1389,008,10,14,17
1390,008,10,9,17
1391,008,10,4,13
1392,008,10,3,6
1393,008,10,10,4
1394,008,10,15,4
1395,008,10,19,4
1396,008,10,25,7
1397,008,10,19,10
1398,008,10,15,11
1399,008,10,10,10
1400,001,07,0,4
1401,001,07,6,1
1402,001,07,12,0
1403,001,07,16,1
1404,001,07,20,0
1405,001,07,24,2
1406,001,07,29,5
1407,001,07,24,9
1408,001,07,19,11
1409,001,07,15,11
1410,001,07,11,11
1411,001,07,5,9
1412,001,07,3,4
1413,001,07,12,4
1414,001,07,15,5
1415,001,07,20,4
1416,001,07,26,5
1417,001,07,19,5
1418,001,07,15,6
1419,001,07,11,5
1420,003,07,0,5
1421,003,07,6,2
1422,003,07,12,0
1423,003,07,16,1
1424,003,07,20,0
1425,003,07,25,2
1426,003,07,28,6
1427,003,07,24,11
1428,003,07,19,13
1429,003,07,15,14
1430,003,07,11,13
1431,003,07,5,11
1432,003,07,3,5
1433,003,07,12,4
1434,003,07,16,4
1435,003,07,20,4
1436,003,07,26,6
1437,003,07,20,7
1438,003,07,15,8
1439,003,07,11,7
1440,002,07,0,6
1441,002,07,5,2
1442,002,07,11,0
1443,002,07,15,1
1444,002,07,19,1
1445,002,07,24,3
1446,002,07,27,8
1447,002,07,23,13
1448,002,07,18,15
1449,002,07,14,16
1450,002,07,9,15
1451,002,07,4,12
1452,002,07,2,6
1453,002,07,10,4
1454,002,07,15,5
1455,002,07,19,5
1456,002,07,25,8
1457,002,07,19,9
1458,002,07,14,9
1459,002,07,10,9
1460,012,07,0,3
1461,012,07,7,1
1462,012,07,13,0
1463,012,07,17,2
1464,012,07,21,1
1465,012,07,25,2
1466,012,07,30,5
1467,012,07,24,8
1468,012,07,20,10
1469,012,07,16,10
1470,012,07,11,9
1471,012,07,6,8
1472,012,07,3,3
1473,012,07,12,4
1474,012,07,16,4
1475,012,07,20,4
1476,012,07,28,5
1477,012,07,20,4
1478,012,07,16,5
1479,012,07,12,4
1480,006,07,0,3
1481,006,07,7,1
1482,006,07,12,0
1483,006,07,16,1
1484,006,07,20,0
1485,006,07,24,2
1486,006,07,29,5
1487,006,07,24,8
1488,006,07,19,10
1489,006,07,15,10
1490,006,07,11,9
1491,006,07,6,8
1492,006,07,2,3
1493,006,07,12,3
1494,006,07,16,4
1495,006,07,20,4
1496,006,07,27,4
1497,006,07,19,4
1498,006,07,15,4
1499,006,07,12,4
1500,007,07,0,5
1501,007,07,6,2
1502,007,07,12,0
1503,007,07,16,2
1504,007,07,20,1
1505,007,07,25,3
1506,007,07,29,7
1507,007,07,24,13
1508,007,07,19,16
1509,007,07,15,16
1510,007,07,10,16
1511,007,07,5,13
1512,007,07,3,6
1513,007,07,11,4
1514,007,07,16,5
1515,007,07,20,5
1516,007,07,26,7
1517,007,07,20,9
1518,007,07,15,10
1519,007,07,11,9
1520,005,07,0,7
1521,005,07,5,3
1522,005,07,11,0
1523,005,07,15,1
1524,005,07,19,1
1525,005,07,23,4
1526,005,07,26,9
1527,005,07,22,15
1528,005,07,18,17
1529,005,07,13,18
1530,005,07,9,17
1531,005,07,4,14
1532,005,07,3,7
1533,005,07,11,4
1534,005,07,14,5
1535,005,07,18,5
1536,005,07,24,8
1537,005,07,18,10
1538,005,07,14,11
1539,005,07,10,10
1540,011,07,0,5
1541,011,07,6,1
1542,011,07,12,0
1543,011,07,16,1
1544,011,07,21,0
1545,011,07,25,2
1546,011,07,29,6
1547,011,07,24,12
1548,011,07,19,15
1549,011,07,15,15
1550,011,07,10,15
1551,011,07,5,12
1552,011,07,3,5
1553,011,07,12,3
1554,011,07,16,4
1555,011,07,20,4
1556,011,07,26,6
1557,011,07,20,8
1558,011,07,16,9
1559,011,07,11,8
1560,010,07,0,6
1561,010,07,6,2
1562,010,07,12,0
1563,010,07,16,1
1564,010,07,20,0
1565,010,07,25,3
1566,010,07,28,7
1567,010,07,24,13
1568,010,07,19,16
1569,010,07,15,16
1570,010,07,10,16
1571,010,07,5,13
1572,010,07,3,6
1573,010,07,11,4
1574,010,07,16,4
1575,010,07,20,4
1576,010,07,26,7
1577,010,07,20,9
1578,010,07,15,9
1579,010,07,11,8
1580,004,07,0,4
1581,004,07,6,1
1582,004,07,12,0
1583,004,07,15,1
1584,004,07,19,0
1585,004,07,24,2
1586,004,07,28,6
1587,004,07,23,11
1588,004,07,19,12
1589,004,07,14,13
1590,004,07,10,12
1591,004,07,5,10
1592,004,07,3,4
1593,004,07,11,3
1594,004,07,15,4
1595,004,07,19,4
1596,004,07,25,5
1597,004,07,19,6
1598,004,07,15,6
1599,004,07,11,6
1600,009,07,0,6
1601,009,07,5,2
1602,009,07,11,0
1603,009,07,15,1
1604,009,07,19,0
1605,009,07,24,3
1606,009,07,27,8
1607,009,07,23,15
1608,009,07,18,17
1609,009,07,13,18
1610,009,07,9,17
1611,009,07,4,13
1612,009,07,3,6
1613,009,07,10,4
1614,009,07,14,5
1615,009,07,19,5
1616,009,07,24,8
1617,009,07,18,10
1618,009,07,14,10
1619,009,07,10,10
1620,008,07,0,5
1621,008,07,5,2
1622,008,07,11,0
1623,008,07,15,1
1624,008,07,19,0
1625,008,07,24,3
1626,008,07,28,6
1627,008,07,23,10
1628,008,07,19,11
1629,008,07,14,12
1630,008,07,10,11
1631,008,07,5,9
1632,008,07,2,5
1633,008,07,10,4
1634,008,07,15,4
1635,008,07,19,4
1636,008,07,26,6
1637,008,07,19,5
1638,008,07,14,6
1639,008,07,10,5
1640,014,09,0,4
1641,014,09,7,2
1642,014,09,12,0
1643,014,09,16,2
1644,014,09,20,1
1645,014,09,25,2
1646,014,09,30,4
1647,014,09,24,8
1648,014,09,19,9
1649,014,09,15,9
1650,014,09,11,9
1651,014,09,6,7
1652,014,09,3,4
1653,014,09,12,3
1654,014,09,16,4
1655,014,09,20,4
1656,014,09,27,4
1657,014,09,20,4
1658,014,09,16,4
1659,014,09,12,4
1660,001,09,0,5
1661,001,09,7,2
1662,001,09,12,0
1663,001,09,16,1
1664,001,09,19,0
1665,001,09,24,1
1666,001,09,30,4
1667,001,09,25,7
1668,001,09,20,9
1669,001,09,16,10
1670,001,09,12,10
1671,001,09,7,8
1672,001,09,3,5
1673,001,09,12,4
1674,001,09,15,4
1675,001,09,19,3
1676,001,09,28,4
1677,001,09,20,3
1678,001,09,16,4
1679,001,09,12,4
1680,003,09,0,6
1681,003,09,5,2
1682,003,09,11,0
1683,003,09,15,1
1684,003,09,19,0
1685,003,09,24,2
1686,003,09,28,6
1687,003,09,24,11
1688,003,09,19,14
1689,003,09,14,15
1690,003,09,10,14
1691,003,09,5,12
1692,003,09,3,6
1693,003,09,11,4
1694,003,09,15,4
1695,003,09,19,4
1696,003,09,26,6
1697,003,09,19,7
1698,003,09,15,8
1699,003,09,11,8
1700,002,09,0,7
1701,002,09,5,3
1702,002,09,10,0
1703,002,09,15,2
1704,002,09,19,0
1705,002,09,24,2
1706,002,09,28,6
1707,002,09,24,13
1708,002,09,19,15
1709,002,09,14,16
1710,002,09,10,16
1711,002,09,5,13
1712,002,09,3,7
1713,002,09,10,5
1714,002,09,14,5
1715,002,09,19,4
1716,002,09,25,6
1717,002,09,19,9
1718,002,09,14,10
1719,002,09,10,9
1720,012,09,0,5
1721,012,09,5,2
1722,012,09,11,0
1723,012,09,15,2
1724,012,09,20,1
1725,012,09,24,3
1726,012,09,29,6
1727,012,09,24,12
1728,012,09,19,14
1729,012,09,14,14
1730,012,09,10,14
1731,012,09,5,11
1732,012,09,3,5
1733,012,09,11,4
1734,012,09,15,5
1735,012,09,19,4
1736,012,09,26,6
1737,012,09,19,8
1738,012,09,15,8
1739,012,09,11,8
1740,006,09,0,6
1741,006,09,5,2
1742,006,09,10,0
1743,006,09,15,1
1744,006,09,18,0
1745,006,09,23,3
1746,006,09,27,7
1747,006,09,23,13
1748,006,09,18,15
1749,006,09,14,15
1750,006,09,9,15
1751,006,09,4,12
1752,006,09,2,6
1753,006,09,10,4
1754,006,09,14,5
1755,006,09,18,4
1756,006,09,25,7
1757,006,09,18,8
1758,006,09,14,9
1759,006,09,10,8
1760,007,09,0,4
1761,007,09,7,1
1762,007,09,12,0
1763,007,09,16,1
1764,007,09,20,0
1765,007,09,25,2
1766,007,09,30,5
1767,007,09,25,9
1768,007,09,20,11
1769,007,09,16,11
1770,007,09,11,11
1771,007,09,6,9
1772,007,09,3,4
1773,007,09,12,4
1774,007,09,16,5
1775,007,09,20,4
1776,007,09,28,5
1777,007,09,20,5
1778,007,09,16,5
1779,007,09,12,5
1780,013,09,0,3
1781,013,09,6,1
1782,013,09,12,0
1783,013,09,16,1
1784,013,09,20,0
1785,013,09,25,2
1786,013,09,29,4
1787,013,09,24,9
1788,013,09,19,11
1789,013,09,15,11
1790,013,09,10,11
1791,013,09,5,8
1792,013,09,2,3
1793,013,09,11,4
1794,013,09,16,5
1795,013,09,20,4
1796,013,09,27,4
1797,013,09,19,5
1798,013,09,15,5
1799,013,09,11,5
1800,005,09,0,5
1801,005,09,6,2
1802,005,09,12,0
1803,005,09,16,1
1804,005,09,20,0
1805,005,09,25,2
1806,005,09,30,5
1807,005,09,25,11
1808,005,09,20,13
1809,005,09,16,13
1810,005,09,11,13
1811,005,09,5,11
1812,005,09,3,5
1813,005,09,12,4
1814,005,09,16,5
1815,005,09,20,4
1816,005,09,27,5
1817,005,09,20,6
1818,005,09,16,7
1819,005,09,12,6
1820,011,09,0,4
1821,011,09,6,2
1822,011,09,11,0
1823,011,09,16,1
1824,011,09,20,0
1825,011,09,25,2
1826,011,09,29,6
1827,011,09,24,11
1828,011,09,19,14
1829,011,09,15,14
1830,011,09,10,14
1831,011,09,5,11
1832,011,09,3,5
1833,011,09,11,4
1834,011,09,15,4
1835,011,09,20,4
1836,011,09,26,5
1837,011,09,19,7
1838,011,09,15,8
1839,011,09,11,7
1840,010,09,0,6
1841,010,09,5,2
1842,010,09,11,0
1843,010,09,15,1
1844,010,09,20,1
1845,010,09,24,3
1846,010,09,28,8
1847,010,09,24,14
1848,010,09,19,17
1849,010,09,15,17
1850,010,09,10,16
1851,010,09,5,13
1852,010,09,3,6
1853,010,09,11,4
1854,010,09,15,5
1855,010,09,19,4
1856,010,09,25,8
1857,010,09,19,10
1858,010,09,15,11
1859,010,09,11,10
1860,004,09,0,5
1861,004,09,5,2
1862,004,09,11,0
1863,004,09,15,1
1864,004,09,19,0
1865,004,09,24,2
1866,004,09,28,6
1867,004,09,24,11
1868,004,09,19,14
1869,004,09,14,14
1870,004,09,10,13
1871,004,09,5,11
1872,004,09,3,5
1873,004,09,10,4
1874,004,09,15,5
1875,004,09,19,4
1876,004,09,26,6
1877,004,09,19,7
1878,004,09,15,8
1879,004,09,10,7
1880,009,09,0,5
1881,009,09,5,2
1882,009,09,10,0
1883,009,09,15,2
1884,009,09,19,1
1885,009,09,24,2
1886,009,09,28,6
1887,009,09,23,12
1888,009,09,19,14
1889,009,09,14,15
1890,009,09,9,14
1891,009,09,4,11
1892,009,09,2,5
1893,009,09,10,4
1894,009,09,14,5
1895,009,09,19,4
1896,009,09,25,6
1897,009,09,19,8
1898,009,09,14,8
1899,009,09,10,7
1900,008,09,0,5
1901,008,09,5,2
1902,008,09,11,0
1903,008,09,15,1
1904,008,09,19,0
1905,008,09,24,3
1906,008,09,28,6
1907,008,09,24,12
1908,008,09,19,15
1909,008,09,14,15
1910,008,09,10,15
1911,008,09,4,12
1912,008,09,2,5
1913,008,09,11,4
1914,008,09,15,5
1915,008,09,19,4
1916,008,09,26,6
1917,008,09,19,8
1918,008,09,15,9
1919,008,09,10,8
1920,014,08,0,4
1921,014,08,7,2
1922,014,08,12,0
1923,014,08,16,1
1924,014,08,20,0
1925,014,08,25,1
1926,014,08,30,3
1927,014,08,24,7
1928,014,08,20,9
1929,014,08,15,10
1930,014,08,11,10
1931,014,08,6,9
1932,014,08,3,4
1933,014,08,12,4
1934,014,08,16,4
1935,014,08,20,3
1936,014,08,27,3
1937,014,08,20,3
1938,014,08,16,4
1939,014,08,12,4
1940,001,08,0,3
1941,001,08,7,1
1942,001,08,13,0
1943,001,08,17,1
1944,001,08,21,0
1945,001,08,25,2
1946,001,08,30,4
1947,001,08,24,7
1948,001,08,20,9
1949,001,08,16,9
1950,001,08,12,9
1951,001,08,7,7
1952,001,08,3,3
1953,001,08,13,3
1954,001,08,16,4
1955,001,08,20,3
1956,001,08,27,4
1957,001,08,20,3
1958,001,08,16,4
1959,001,08,13,3
1960,003,08,0,5
1961,003,08,5,2
1962,003,08,11,0
1963,003,08,15,1
1964,003,08,19,0
1965,003,08,23,3
1966,003,08,27,7
1967,003,08,23,13
1968,003,08,18,15
1969,003,08,14,16
1970,003,08,9,15
1971,003,08,4,12
1972,003,08,2,6
1973,003,08,10,4
1974,003,08,14,5
1975,003,08,18,5
1976,003,08,24,7
1977,003,08,18,9
1978,003,08,14,9
1979,003,08,10,8
1980,002,08,0,5
1981,002,08,6,2
1982,002,08,12,0
1983,002,08,15,1
1984,002,08,19,0
1985,002,08,24,3
1986,002,08,28,6
1987,002,08,23,12
1988,002,08,18,15
1989,002,08,14,15
1990,002,08,10,15
1991,002,08,5,12
1992,002,08,3,5
1993,002,08,11,4
1994,002,08,15,4
1995,002,08,19,4
1996,002,08,25,6
1997,002,08,19,8
1998,002,08,15,9
1999,002,08,11,8
2000,012,08,0,6
2001,012,08,5,2
2002,012,08,11,0
2003,012,08,16,1
2004,012,08,20,0
2005,012,08,25,2
2006,012,08,30,6
2007,012,08,25,13
2008,012,08,20,16
2009,012,08,15,16
2010,012,08,11,16
2011,012,08,5,13
2012,012,08,3,7
2013,012,08,11,4
2014,012,08,16,4
2015,012,08,20,4
2016,012,08,27,6
2017,012,08,20,9
2018,012,08,16,9
2019,012,08,11,9
2020,006,08,0,5
2021,006,08,6,2
2022,006,08,11,0
2023,006,08,15,1
2024,006,08,19,0
2025,006,08,23,3
2026,006,08,28,6
2027,006,08,23,11
2028,006,08,18,13
2029,006,08,14,13
2030,006,08,10,13
2031,006,08,5,11
2032,006,08,2,5
2033,006,08,11,4
2034,006,08,15,4
2035,006,08,19,4
2036,006,08,25,6
2037,006,08,18,6
2038,006,08,14,7
2039,006,08,11,6
2040,007,08,0,3
2041,007,08,6,1
2042,007,08,12,0
2043,007,08,16,1
2044,007,08,20,0
2045,007,08,24,2
2046,007,08,29,4
2047,007,08,23,8
2048,007,08,19,9
2049,007,08,15,9
2050,007,08,11,9
2051,007,08,5,8
2052,007,08,2,3
2053,007,08,11,3
2054,007,08,15,4
2055,007,08,19,4
2056,007,08,27,4
2057,007,08,19,4
2058,007,08,15,5
2059,007,08,11,4
2060,013,08,0,6
2061,013,08,5,2
2062,013,08,10,0
2063,013,08,15,1
2064,013,08,19,0
2065,013,08,24,2
2066,013,08,28,6
2067,013,08,24,12
2068,013,08,19,15
2069,013,08,14,15
2070,013,08,10,15
2071,013,08,4,13
2072,013,08,2,6
2073,013,08,10,4
2074,013,08,14,4
2075,013,08,19,4
2076,013,08,26,6
2077,013,08,19,8
2078,013,08,14,9
2079,013,08,10,9
2080,005,08,0,4
2081,005,08,6,2
2082,005,08,11,0
2083,005,08,15,1
2084,005,08,19,0
2085,005,08,24,2
2086,005,08,28,6
2087,005,08,23,11
2088,005,08,19,13
2089,005,08,14,13
2090,005,08,10,12
2091,005,08,5,10
2092,005,08,3,5
2093,005,08,11,4
2094,005,08,15,5
2095,005,08,19,4
2096,005,08,26,6
2097,005,08,19,6
2098,005,08,15,7
2099,005,08,11,6
2100,011,08,0,7
2101,011,08,5,3
2102,011,08,11,0
2103,011,08,15,2
2104,011,08,19,1
2105,011,08,24,3
2106,011,08,29,7
2107,011,08,24,14
2108,011,08,19,17
2109,011,08,14,17
2110,011,08,10,17
2111,011,08,5,14
2112,011,08,3,7
2113,011,08,11,4
2114,011,08,15,5
2115,011,08,19,5
2116,011,08,26,7
2117,011,08,19,10
2118,011,08,14,11
2119,011,08,10,10
2120,010,08,0,6
2121,010,08,4,2
2122,010,08,10,0
2123,010,08,14,1
2124,010,08,19,0
2125,010,08,24,2
2126,010,08,28,7
2127,010,08,24,13
2128,010,08,18,16
2129,010,08,13,17
2130,010,08,9,16
2131,010,08,4,13
2132,010,08,2,6
2133,010,08,10,4
2134,010,08,14,5
2135,010,08,18,4
2136,010,08,25,7
2137,010,08,18,10
2138,010,08,13,10
2139,010,08,9,9
2140,004,08,0,5
2141,004,08,6,1
2142,004,08,12,0
2143,004,08,16,1
2144,004,08,20,0
2145,004,08,24,2
2146,004,08,28,6
2147,004,08,24,11
2148,004,08,19,14
2149,004,08,14,14
2150,004,08,10,13
2151,004,08,5,11
2152,004,08,3,5
2153,004,08,11,4
2154,004,08,15,5
2155,004,08,19,4
2156,004,08,26,6
2157,004,08,19,7
2158,004,08,15,8
2159,004,08,11,7
2160,009,08,0,4
2161,009,08,5,1
2162,009,08,10,0
2163,009,08,15,1
2164,009,08,19,0
2165,009,08,23,1
2166,009,08,28,4
2167,009,08,23,9
2168,009,08,18,11
2169,009,08,14,11
2170,009,08,10,11
2171,009,08,5,9
2172,009,08,2,4
2173,009,08,10,4
2174,009,08,14,4
2175,009,08,18,4
2176,009,08,25,4
2177,009,08,18,5
2178,009,08,14,5
2179,009,08,10,5
2180,008,08,0,4
2181,008,08,6,1
2182,008,08,12,0
2183,008,08,16,1
2184,008,08,20,0
2185,008,08,25,2
2186,008,08,29,6
2187,008,08,24,12
2188,008,08,19,14
2189,008,08,15,14
2190,008,08,10,14
2191,008,08,5,11
2192,008,08,3,5
2193,008,08,11,4
2194,008,08,16,4
2195,008,08,20,4
2196,008,08,26,6
2197,008,08,19,8
2198,008,08,15,8
2199,008,08,11,7
2200,001,01,0,4
2201,001,01,6,2
2202,001,01,11,0
2203,001,01,15,1
2204,001,01,19,0
2205,001,01,24,1
2206,001,01,29,4
2207,001,01,24,8
2208,001,01,19,10
2209,001,01,15,11
2210,001,01,11,10
2211,001,01,6,9
2212,001,01,2,4
2213,001,01,11,4
2214,001,01,15,4
2215,001,01,19,3
2216,001,01,26,4
2217,001,01,19,4
2218,001,01,15,5
2219,001,01,11,4
2220,003,01,0,6
2221,003,01,5,2
2222,003,01,11,0
2223,003,01,15,1
2224,003,01,19,0
2225,003,01,24,3
2226,003,01,27,7
2227,003,01,23,12
2228,003,01,18,15
2229,003,01,14,15
2230,003,01,10,15
2231,003,01,5,12
2232,003,01,3,6
2233,003,01,10,5
2234,003,01,14,5
2235,003,01,19,5
2236,003,01,25,7
2237,003,01,19,8
2238,003,01,14,9
2239,003,01,10,8
2240,002,01,0,5
2241,002,01,6,2
2242,002,01,11,0
2243,002,01,15,2
2244,002,01,19,1
2245,002,01,24,3
2246,002,01,28,6
2247,002,01,24,11
2248,002,01,19,13
2249,002,01,14,14
2250,002,01,10,13
2251,002,01,5,11
2252,002,01,3,5
2253,002,01,11,4
2254,002,01,15,5
2255,002,01,19,5
2256,002,01,26,6
2257,002,01,19,7
2258,002,01,14,8
2259,002,01,10,7
2260,012,01,0,5
2261,012,01,5,2
2262,012,01,11,0
2263,012,01,15,1
2264,012,01,19,0
2265,012,01,24,2
2266,012,01,28,6
2267,012,01,23,12
2268,012,01,19,14
2269,012,01,14,14
2270,012,01,10,14
2271,012,01,5,11
2272,012,01,3,5
2273,012,01,11,4
2274,012,01,15,4
2275,012,01,19,4
2276,012,01,25,6
2277,012,01,19,7
2278,012,01,15,8
2279,012,01,11,7
2280,006,01,0,5
2281,006,01,6,2
2282,006,01,12,0
2283,006,01,15,1
2284,006,01,19,0
2285,006,01,25,2
2286,006,01,29,5
2287,006,01,24,11
2288,006,01,19,13
2289,006,01,15,13
2290,006,01,11,13
2291,006,01,5,10
2292,006,01,2,5
2293,006,01,11,4
2294,006,01,15,5
2295,006,01,19,4
2296,006,01,27,5
2297,006,01,19,6
2298,006,01,15,7
2299,006,01,11,6
2300,007,01,0,8
2301,007,01,5,3
2302,007,01,10,0
2303,007,01,14,2
2304,007,01,18,1
2305,007,01,22,4
2306,007,01,26,9
2307,007,01,22,15
2308,007,01,17,17
2309,007,01,13,17
2310,007,01,9,17
2311,007,01,4,14
2312,007,01,3,7
2313,007,01,10,5
2314,007,01,14,5
2315,007,01,17,5
2316,007,01,23,9
2317,007,01,17,11
2318,007,01,14,11
2319,007,01,10,11
2320,013,01,0,3
2321,013,01,7,1
2322,013,01,13,0
2323,013,01,17,1
2324,013,01,21,0
2325,013,01,26,1
2326,013,01,30,4
2327,013,01,25,7
2328,013,01,20,8
2329,013,01,16,8
2330,013,01,12,8
2331,013,01,6,7
2332,013,01,3,3
2333,013,01,13,3
2334,013,01,17,3
2335,013,01,21,3
2336,013,01,28,4
2337,013,01,21,3
2338,013,01,17,4
2339,013,01,12,3
2340,005,01,0,6
2341,005,01,6,2
2342,005,01,12,0
2343,005,01,16,2
2344,005,01,20,1
2345,005,01,24,3
2346,005,01,28,8
2347,005,01,24,13
2348,005,01,19,15
2349,005,01,15,15
2350,005,01,10,15
2351,005,01,5,12
2352,005,01,3,6
2353,005,01,11,5
2354,005,01,15,5
2355,005,01,19,5
2356,005,01,26,7
2357,005,01,19,8
2358,005,01,15,9
2359,005,01,11,8
2360,011,01,0,7
2361,011,01,6,3
2362,011,01,12,0
2363,011,01,16,2
2364,011,01,20,1
2365,011,01,25,3
2366,011,01,30,7
2367,011,01,25,14
2368,011,01,20,16
2369,011,01,15,17
2370,011,01,11,16
2371,011,01,5,14
2372,011,01,3,7
2373,011,01,12,5
2374,011,01,16,5
2375,011,01,20,5
2376,011,01,27,7
2377,011,01,20,9
2378,011,01,16,10
2379,011,01,12,9
2380,010,01,0,6
2381,010,01,5,2
2382,010,01,10,0
2383,010,01,15,1
2384,010,01,19,1
2385,010,01,24,3
2386,010,01,28,8
2387,010,01,24,14
2388,010,01,18,17
2389,010,01,14,17
2390,010,01,9,16
2391,010,01,4,14
2392,010,01,2,6
2393,010,01,10,4
2394,010,01,14,5
2395,010,01,19,5
2396,010,01,25,8
2397,010,01,19,10
2398,010,01,14,10
2399,010,01,10,9
2400,004,01,0,6
2401,004,01,5,2
2402,004,01,11,0
2403,004,01,15,1
2404,004,01,19,0
2405,004,01,23,2
2406,004,01,27,7
2407,004,01,23,12
2408,004,01,18,14
2409,004,01,14,15
2410,004,01,9,14
2411,004,01,4,12
2412,004,01,3,6
2413,004,01,10,4
2414,004,01,14,5
2415,004,01,18,4
2416,004,01,24,7
2417,004,01,18,7
2418,004,01,14,8
2419,004,01,10,7
2420,009,01,0,4
2421,009,01,5,1
2422,009,01,11,0
2423,009,01,15,1
2424,009,01,19,0
2425,009,01,24,2
2426,009,01,28,5
2427,009,01,23,9
2428,009,01,19,11
2429,009,01,14,11
2430,009,01,10,11
2431,009,01,5,9
2432,009,01,2,4
2433,009,01,10,3
2434,009,01,15,4
2435,009,01,19,3
2436,009,01,26,5
2437,009,01,19,5
2438,009,01,15,6
2439,009,01,10,5
2440,008,01,0,5
2441,008,01,6,2
2442,008,01,12,0
2443,008,01,16,2
2444,008,01,20,1
2445,008,01,25,3
2446,008,01,30,6
2447,008,01,24,10
2448,008,01,19,12
2449,008,01,15,12
2450,008,01,11,12
2451,008,01,6,10
2452,008,01,3,5
2453,008,01,12,5
2454,008,01,16,6
2455,008,01,20,5
2456,008,01,27,6
2457,008,01,20,6
2458,008,01,16,6
2459,008,01,12,5
2460,014,06,0,5
2461,014,06,5,2
2462,014,06,11,0
2463,014,06,15,2
2464,014,06,19,1
2465,014,06,24,3
2466,014,06,28,7
2467,014,06,23,12
2468,014,06,18,14
2469,014,06,14,14
2470,014,06,9,14
2471,014,06,4,11
2472,014,06,2,5
2473,014,06,11,4
2474,014,06,15,5
2475,014,06,19,5
2476,014,06,25,7
2477,014,06,18,8
2478,014,06,14,8
2479,014,06,10,7
2480,015,06,0,3
2481,015,06,7,1
2482,015,06,12,0
2483,015,06,16,2
2484,015,06,20,1
2485,015,06,24,3
2486,015,06,29,5
2487,015,06,24,8
2488,015,06,19,9
2489,015,06,15,9
2490,015,06,11,9
2491,015,06,6,7
2492,015,06,2,3
2493,015,06,12,3
2494,015,06,16,4
2495,015,06,20,4
2496,015,06,27,5
2497,015,06,19,4
2498,015,06,15,4
2499,015,06,12,4
2500,001,06,0,3
2501,001,06,7,1
2502,001,06,12,0
2503,001,06,16,1
2504,001,06,20,0
2505,001,06,24,2
2506,001,06,29,4
2507,001,06,24,8
2508,001,06,19,9
2509,001,06,15,9
2510,001,06,11,9
2511,001,06,6,7
2512,001,06,2,3
2513,001,06,12,3
2514,001,06,16,4
2515,001,06,20,3
2516,001,06,27,4
2517,001,06,20,4
2518,001,06,16,4
2519,001,06,12,3
2520,003,06,0,6
2521,003,06,5,2
2522,003,06,11,0
2523,003,06,15,1
2524,003,06,20,1
2525,003,06,24,3
2526,003,06,27,8
2527,003,06,23,14
2528,003,06,19,16
2529,003,06,14,17
2530,003,06,9,16
2531,003,06,4,13
2532,003,06,3,6
2533,003,06,11,4
2534,003,06,15,5
2535,003,06,19,5
2536,003,06,25,8
2537,003,06,19,9
2538,003,06,14,10
2539,003,06,10,9
2540,002,06,0,5
2541,002,06,5,2
2542,002,06,11,0
2543,002,06,15,2
2544,002,06,19,1
2545,002,06,24,3
2546,002,06,27,7
2547,002,06,23,13
2548,002,06,18,15
2549,002,06,14,15
2550,002,06,9,15
2551,002,06,4,12
2552,002,06,3,6
2553,002,06,11,5
2554,002,06,15,5
2555,002,06,19,5
2556,002,06,25,7
2557,002,06,19,8
2558,002,06,14,9
2559,002,06,10,8
2560,012,06,0,6
2561,012,06,6,2
2562,012,06,12,0
2563,012,06,16,1
2564,012,06,20,1
2565,012,06,25,3
2566,012,06,28,9
2567,012,06,24,14
2568,012,06,19,17
2569,012,06,14,17
2570,012,06,9,16
2571,012,06,4,13
2572,012,06,3,6
2573,012,06,11,4
2574,012,06,15,5
2575,012,06,20,5
2576,012,06,25,8
2577,012,06,19,10
2578,012,06,15,10
2579,012,06,10,9
2580,006,06,0,3
2581,006,06,6,1
2582,006,06,12,0
2583,006,06,16,1
2584,006,06,20,0
2585,006,06,25,2
2586,006,06,29,5
2587,006,06,24,9
2588,006,06,19,11
2589,006,06,15,12
2590,006,06,11,11
2591,006,06,6,9
2592,006,06,3,4
2593,006,06,12,3
2594,006,06,15,4
2595,006,06,20,3
2596,006,06,27,5
2597,006,06,20,5
2598,006,06,15,6
2599,006,06,12,5
2600,007,06,0,5
2601,007,06,5,2
2602,007,06,11,0
2603,007,06,14,2
2604,007,06,18,1
2605,007,06,23,3
2606,007,06,26,7
2607,007,06,22,12
2608,007,06,17,14
2609,007,06,13,14
2610,007,06,9,14
2611,007,06,4,11
2612,007,06,2,5
2613,007,06,10,4
2614,007,06,14,5
2615,007,06,18,4
2616,007,06,24,6
2617,007,06,18,7
2618,007,06,14,8
2619,007,06,10,7
2620,013,06,0,6
2621,013,06,6,2
2622,013,06,12,0
2623,013,06,16,1
2624,013,06,21,1
2625,013,06,26,3
2626,013,06,29,8
2627,013,06,25,14
2628,013,06,20,16
2629,013,06,15,16
2630,013,06,10,16
2631,013,06,5,13
2632,013,06,3,6
2633,013,06,12,4
2634,013,06,16,5
2635,013,06,20,5
2636,013,06,27,8
2637,013,06,20,9
2638,013,06,16,9
2639,013,06,11,8
2640,005,06,0,6
2641,005,06,6,2
2642,005,06,12,0
2643,005,06,15,2
2644,005,06,19,1
2645,005,06,24,3
2646,005,06,28,7
2647,005,06,23,12
2648,005,06,19,14
2649,005,06,14,14
2650,005,06,10,13
2651,005,06,5,11
2652,005,06,3,6
2653,005,06,11,5
2654,005,06,15,5
2655,005,06,19,5
2656,005,06,25,7
2657,005,06,19,7
2658,005,06,15,8
2659,005,06,11,7
2660,011,06,0,6
2661,011,06,5,2
2662,011,06,11,0
2663,011,06,15,1
2664,011,06,20,0
2665,011,06,24,3
2666,011,06,27,8
2667,011,06,24,14
2668,011,06,19,17
2669,011,06,14,17
2670,011,06,9,16
2671,011,06,4,13
2672,011,06,3,6
2673,011,06,11,4
2674,011,06,15,4
2675,011,06,19,4
2676,011,06,25,8
2677,011,06,19,10
2678,011,06,14,10
2679,011,06,10,9
2680,010,06,0,4
2681,010,06,6,2
2682,010,06,11,0
2683,010,06,15,1
2684,010,06,20,1
2685,010,06,24,3
2686,010,06,29,5
2687,010,06,24,10
2688,010,06,19,11
2689,010,06,15,12
2690,010,06,10,11
2691,010,06,5,9
2692,010,06,3,4
2693,010,06,11,4
2694,010,06,15,4
2695,010,06,20,4
2696,010,06,26,5
2697,010,06,19,5
2698,010,06,15,6
2699,010,06,11,5
2700,004,06,0,5
2701,004,06,6,2
2702,004,06,12,0
2703,004,06,15,1
2704,004,06,19,0
2705,004,06,24,3
2706,004,06,27,7
2707,004,06,23,12
2708,004,06,18,14
2709,004,06,14,15
2710,004,06,10,14
2711,004,06,5,11
2712,004,06,3,5
2713,004,06,11,4
2714,004,06,15,5
2715,004,06,19,4
2716,004,06,25,7
2717,004,06,19,7
2718,004,06,15,8
2719,004,06,11,7
2720,009,06,0,5
2721,009,06,5,2
2722,009,06,11,0
2723,009,06,15,1
2724,009,06,20,1
2725,009,06,24,3
2726,009,06,28,7
2727,009,06,24,13
2728,009,06,19,15
2729,009,06,14,15
2730,009,06,9,15
2731,009,06,4,12
2732,009,06,3,5
2733,009,06,11,4
2734,009,06,15,4
2735,009,06,19,4
2736,009,06,26,7
2737,009,06,19,9
2738,009,06,15,9
2739,009,06,10,8
2740,008,06,0,4
2741,008,06,7,2
2742,008,06,13,0
2743,008,06,16,2
2744,008,06,20,1
2745,008,06,25,3
2746,008,06,29,5
2747,008,06,24,9
2748,008,06,19,11
2749,008,06,15,11
2750,008,06,11,11
2751,008,06,6,9
2752,008,06,3,4
2753,008,06,12,4
2754,008,06,16,5
2755,008,06,20,5
2756,008,06,27,5
2757,008,06,20,4
2758,008,06,16,5
2759,008,06,12,4
